 Minimize
[ 1.0000000000000000 Z0 * Z1  ]
Subject to
c1: [ -1.0000000000000000 Z0 * Z0  + 1.0000000000000000 Z0 * Z1  + 2.0000000000000000 Z0 * Z2 -2.0000000000000000 Z2 * Z2  + 2.0000000000000000 Z2 * Z3 -1.0000000000000000 Z3 * Z3 -1.0000000000000000 Z3 * Z7 -3.0000000000000000 Z3 * Z8  + 3.0000000000000000 Z4 * Z7  + 1.0000000000000000 Z4 * Z8  + 4.0000000000000000 Z4 * Z14  + 4.0000000000000000 Z5 * Z13  + 4.0000000000000000 Z5 * Z15  + 4.0000000000000000 Z6 * Z14 -1.0000000000000000 Z8 * Z8 -6.0000000000000000 Z9 * Z9 -2.0000000000000000 Z10 * Z10 -6.0000000000000000 Z11 * Z11 -1.0000000000000000 Z12 * Z12  ] = 0.000000
c2: [ 1.0000000000000000 Z0 * Z2  + 1.0000000000000000 Z3 * Z3  + 1.0000000000000000 Z4 * Z8  ] = 6.242641
c3: [ 1.0000000000000000 Z0 * Z3  + 1.0000000000000000 Z0 * Z5 -1.0000000000000000 Z4 * Z4  ] = 0.828427
c4: [ 1.0000000000000000 Z2 * Z6  ] = 2.000000
ac1: Z0 - 1 = 0
ac2: [ 1.0000000000000000 Z0 * Z7 -1.0000000000000000 Z3 * Z3  ] = 0
ac3: [ 1.0000000000000000 Z0 * Z8 -1.0000000000000000 Z4 * Z4  ] = 0
ac4: [ 1.0000000000000000 Z0 * Z13 -1.0000000000000000 Z4 * Z8  ] = 0
ac5: [ 1.0000000000000000 Z4 * Z13 -1.0000000000000000 Z8 * Z8  ] = 0
ac6: [ 1.0000000000000000 Z0 * Z9 -1.0000000000000000 Z4 * Z5  ] = 0
ac7: [ 1.0000000000000000 Z4 * Z9 -1.0000000000000000 Z5 * Z8  ] = 0
ac8: [ 1.0000000000000000 Z0 * Z10 -1.0000000000000000 Z5 * Z5  ] = 0
ac9: [ 1.0000000000000000 Z4 * Z10 -1.0000000000000000 Z5 * Z9  ] = 0
ac10: [ 1.0000000000000000 Z8 * Z10 -1.0000000000000000 Z9 * Z9  ] = 0
ac11: [ 1.0000000000000000 Z0 * Z14 -1.0000000000000000 Z5 * Z10  ] = 0
ac12: [ 1.0000000000000000 Z4 * Z14 -1.0000000000000000 Z9 * Z10  ] = 0
ac13: [ 1.0000000000000000 Z5 * Z14 -1.0000000000000000 Z10 * Z10  ] = 0
ac14: [ 1.0000000000000000 Z0 * Z11 -1.0000000000000000 Z5 * Z6  ] = 0
ac15: [ 1.0000000000000000 Z4 * Z11 -1.0000000000000000 Z6 * Z9  ] = 0
ac16: [ 1.0000000000000000 Z5 * Z11 -1.0000000000000000 Z6 * Z10  ] = 0
ac17: [ 1.0000000000000000 Z0 * Z12 -1.0000000000000000 Z6 * Z6  ] = 0
ac18: [ 1.0000000000000000 Z5 * Z12 -1.0000000000000000 Z6 * Z11  ] = 0
ac19: [ 1.0000000000000000 Z10 * Z12 -1.0000000000000000 Z11 * Z11  ] = 0
ac20: [ 1.0000000000000000 Z0 * Z15 -1.0000000000000000 Z6 * Z12  ] = 0
ac21: [ 1.0000000000000000 Z5 * Z15 -1.0000000000000000 Z11 * Z12  ] = 0
ac22: [ 1.0000000000000000 Z6 * Z15 -1.0000000000000000 Z12 * Z12  ] = 0
Bounds
1 <= Z0 <= 1
-100000000.0000000000000000 <= Z1 <= 100000000.0000000000000000
-100000000.0000000000000000 <= Z2 <= 100000000.0000000000000000
-100000000.0000000000000000 <= Z3 <= 100000000.0000000000000000
-100000000.0000000000000000 <= Z4 <= 100000000.0000000000000000
-100000000.0000000000000000 <= Z5 <= 100000000.0000000000000000
-100000000.0000000000000000 <= Z6 <= 100000000.0000000000000000
-10000000000000000.0000000000000000 <= Z7 <= 10000000000000000.0000000000000000
-10000000000000000.0000000000000000 <= Z8 <= 10000000000000000.0000000000000000
-10000000000000000.0000000000000000 <= Z9 <= 10000000000000000.0000000000000000
-10000000000000000.0000000000000000 <= Z10 <= 10000000000000000.0000000000000000
-10000000000000000.0000000000000000 <= Z11 <= 10000000000000000.0000000000000000
-10000000000000000.0000000000000000 <= Z12 <= 10000000000000000.0000000000000000
-1000000000000000117440512.0000000000000000 <= Z13 <= 1000000000000000117440512.0000000000000000
-1000000000000000117440512.0000000000000000 <= Z14 <= 1000000000000000117440512.0000000000000000
-1000000000000000117440512.0000000000000000 <= Z15 <= 1000000000000000117440512.0000000000000000
End